SATURDAY LOTTO - HISTORY-BASED ABBREVIATED WHEEL
=======================================================
Generated: 2026-04-04

Base pool (12 numbers): [2, 9, 18, 20, 34, 36, 40, 42, 48, 51, 54, 57]

Line 01: [2, 9, 18, 34, 40, 51]
Line 02: [2, 9, 18, 34, 40, 57]
Line 03: [2, 9, 18, 34, 42, 51]
Line 04: [2, 9, 18, 34, 42, 57]
Line 05: [2, 9, 18, 34, 48, 51]
Line 06: [2, 9, 18, 34, 48, 57]
Line 07: [2, 9, 18, 34, 51, 54]
Line 08: [2, 9, 18, 34, 51, 57]
Line 09: [2, 9, 18, 34, 54, 57]
Line 10: [2, 9, 18, 36, 40, 51]
Line 11: [2, 9, 18, 36, 40, 57]
Line 12: [2, 9, 18, 36, 42, 51]
Line 13: [2, 9, 18, 36, 42, 57]
Line 14: [2, 9, 18, 36, 48, 51]
Line 15: [2, 9, 18, 36, 48, 57]
Line 16: [2, 9, 18, 36, 51, 54]
Line 17: [2, 9, 18, 36, 51, 57]
Line 18: [2, 9, 18, 36, 54, 57]
Line 19: [2, 9, 18, 40, 48, 51]
Line 20: [2, 9, 18, 40, 48, 57]
Line 21: [2, 9, 18, 40, 51, 54]
Line 22: [2, 9, 18, 40, 51, 57]
Line 23: [2, 9, 18, 40, 54, 57]
Line 24: [2, 9, 18, 42, 48, 51]
Line 25: [2, 9, 18, 42, 48, 57]
